lengthPart1 = 0.010000;
lengthPart2 = 3.990000;
charLengthStart = 0.00100000;
charLengthMid = 0.00100000;
charLengthEnd = 0.2000000;
