lengthPart1 = 0.010000;
lengthPart2 = 3.990000;
charLengthStart = 0.100000;
charLengthMid = 0.100000;
charLengthEnd = 20.000000;
