Nv = 2; Nh = 1;
nlambda = 30.000000;
ratiolc1lc0 = 5.000000;
computeOnFine = 1;
disty = 5.000000;
