Nv = 2; Nh = 2;
nlambda = 30.000000;
ratiolc1lc0 = 2.000000;
computeOnFine = 0;
