Nv = 2; Nh = 2;
nlambda = 30.000000;
Nlambda = 5.;
// ratiolc1lc0 = 10.000000;
computeOnFine = 1;
disty = 1.000000;
