Nv = 2; Nh = 1;
nlambda = 30.000000;
ratiolc1lc0 = 10.000000;
computeOnFine = 0;
